Identifiant_Station,Bornettes_Libres,Total_Velos_Dispo,Velos_Mecaniques,Velos_Electriques
40001,23,5,3,2
44015,14,6,3,3
14111,21,4,3,1
32017,6,13,8,5
6003,18,1,1,0
42016,14,13,3,10
40011,11,16,14,2
21010,4,20,17,3
25006,21,1,0,1
32304,25,2,0,2
15047,35,17,9,8
17026,29,10,7,3
12109,15,14,12,2
8050,43,1,1,0
14108,20,0,0,0
31024,29,9,0,9
2022,31,2,0,2
19033,30,11,10,1
17025,30,3,2,1
16138,28,1,1,0
15068,15,0,0,0
19027,16,2,0,2
31028,16,12,4,8
44010,18,12,6,6
16118,8,17,11,6
8103,21,2,2,0
8048,18,3,1,2
13118,11,50,48,2
15112,22,2,1,1
13030,17,4,1,3
40016,22,0,0,0
9002,9,3,2,1
16110,15,4,1,3
9001,12,5,3,2
17032,17,3,0,3
8016,26,3,1,2
10029,14,10,2,8
41303,9,23,10,13
12031,16,20,18,2
1001,11,4,2,2
5022,14,6,1,5
13104,3,22,21,1
9038,23,3,2,1
17008,15,7,2,5
18203,40,0,0,0
5005,23,1,0,1
21323,8,23,20,3
8053,25,3,1,2
22409,2,11,2,9
26003,0,15,9,6
17004,27,11,5,6
19003,21,2,1,1
12151,34,20,20,0
5020,35,3,1,2
16026,1,6,3,3
26002,1,36,31,5
17043,27,11,9,2
16039,14,33,28,5
11023,3,41,38,3
11047,15,13,11,2
19043,42,9,3,6
17030,10,11,7,4
8010,13,4,1,3
33017,5,20,4,16
15042,9,6,6,0
18011,5,33,9,24
21212,17,5,2,3
44006,12,23,10,13
19120,14,12,0,12
18003,39,3,1,2
11113,10,47,44,3
15104,38,24,23,1
19101,18,6,0,6
4016,52,6,6,0
14138,21,9,1,8
12114,9,19,12,7
41209,13,2,0,2
21312,23,6,1,5
14008,13,15,10,5
13001,4,11,5,6
41209,13,2,0,2
14008,13,15,10,5
13001,4,11,5,6
8017,63,2,2,0
15054,1,18,12,6
15106,3,29,27,2
22406,7,15,5,10
31102,14,6,1,5
2111,23,6,4,2
8054,30,1,0,1
17203,26,2,2,0
15133,1,25,24,1
15110,1,22,21,1
44003,0,19,9,10
15034,7,42,39,3
22203,16,11,0,11
41202,52,9,4,5
1119,24,0,0,0
1020,32,4,2,2
31003,12,17,3,14
22402,33,10,5,5
9116,21,1,0,1
11030,12,11,7,4
11026,17,27,23,4
41601,1,25,10,15
23006,0,22,12,10
15021,21,42,35,7
9010,3,21,20,1
11105,1,20,16,4
17125,28,4,1,3
43005,44,5,1,4
22003,25,1,1,0
13050,52,3,2,1
24001,18,9,3,6
10014,24,29,25,4
15046,9,19,8,11
46001,12,7,5,2
17028,30,6,3,3
42302,19,3,1,2
9032,35,1,1,0
32003,3,25,6,19
21104,12,8,2,6
8025,31,2,1,1
13002,1,25,12,13
12204,1,0,0,0
20121,17,2,0,2
19013,14,16,10,6
42301,20,5,5,0
43003,22,4,1,3
20043,21,5,4,1
32016,33,5,3,2
15201,28,9,5,4
31010,28,14,2,12
11004,22,6,3,3
12009,6,10,7,3
14036,38,5,2,3
19205,16,7,2,5
5123,23,6,5,1
11007,2,60,50,10
35018,1,22,3,19
18110,0,17,8,9
41606,2,17,10,7
17011,45,8,2,6
12013,1,13,8,5
21305,4,21,21,0
8033,38,3,3,0
23001,24,14,3,11
15010,23,34,33,1
18141,15,3,0,3
33009,19,14,7,7
5106,18,0,0,0
25005,18,7,4,3
13045,8,25,12,13
19115,18,9,3,6
16018,14,3,3,0
12034,32,17,16,1
15033,6,23,20,3
19044,39,10,7,3
24002,22,10,3,7
33001,28,6,2,4
16034,24,7,5,2
41404,0,25,21,4
20132,13,12,9,3
8055,29,2,0,2
27002,17,12,7,5
21109,0,26,15,11
17007,12,23,11,12
21502,2,22,11,11
12024,15,18,18,0
14104,10,13,3,10
6030,33,2,1,1
10005,11,6,2,4
18020,16,4,1,3
20136,24,3,1,2
5026,16,31,23,8
5002,27,5,4,1
21013,2,18,15,3
21111,33,17,8,9
11114,5,24,22,2
7006,29,3,2,1
7014,25,13,9,4
10023,10,4,4,0
34002,2,25,16,9
13026,21,14,4,10
14139,17,11,4,7
11101,2,46,43,3
15055,26,28,21,7
14130,23,7,2,5
10015,26,17,13,4
41207,27,1,1,0
12011,5,29,22,7
19037,21,7,0,7
15038,11,48,45,3
21032,13,12,8,4
7005,45,6,5,1
21019,21,7,6,1
19109,10,7,1,6
31019,33,5,2,3
17027,30,13,7,6
51003,12,18,10,8
44102,0,26,7,19
19039,18,5,2,3
22001,10,12,9,3
18025,34,5,2,3
17122,21,8,6,2
9023,32,1,0,1
16123,23,2,2,0
31007,23,24,4,20
17047,20,4,4,0
6016,12,10,9,1
41204,11,9,1,8
19009,3,26,18,8
18029,34,4,3,1
21703,15,5,1,4
16021,20,2,1,1
9031,21,1,0,1
18049,11,43,15,28
34010,34,11,5,6
35003,4,18,7,11
21014,11,11,8,3
5121,27,6,3,3
16015,11,4,3,1
15070,3,33,28,5
14112,10,5,2,3
21310,1,21,19,2
23007,3,24,13,11
20016,22,10,5,5
16043,11,4,4,0
16027,52,8,4,4
6107,21,2,2,0
16029,1,43,39,4
9017,26,1,0,1
7008,15,1,0,1
16112,24,13,5,8
42703,30,15,4,11
20201,14,6,1,5
22102,17,7,0,7
4110,13,4,4,0
17022,36,10,6,4
23304,25,8,4,4
12161,16,25,21,4
15107,1,20,18,2
9101,12,7,4,3
18017,40,4,0,4
1117,22,3,1,2
23903,16,14,10,4
13010,38,2,0,2
31704,17,8,0,8
23403,15,7,7,0
4013,21,6,4,2
31023,24,10,1,9
9118,26,9,4,5
2001,18,4,3,1
18137,21,6,1,5
17116,16,9,8,1
18138,18,2,1,1
7016,47,7,4,3
31013,29,16,2,14
32018,8,16,9,7
17016,25,5,2,3
18019,33,17,4,13
11003,11,21,20,1
11034,27,21,19,2
9012,41,0,0,0
15020,5,27,19,8
19031,8,15,0,15
13114,17,6,2,4
20017,11,15,5,10
11019,6,26,18,8
23008,2,23,21,2
21108,11,38,27,11
6014,21,1,0,1
14116,18,7,3,4
31018,5,28,3,25
33005,13,18,5,13
15063,14,6,3,3
7026,15,7,5,2
1016,21,2,1,1
17033,25,3,0,3
9113,12,17,16,1
22017,24,3,1,2
17104,10,12,10,2
19030,8,16,13,3
21004,2,25,21,4
35008,15,11,5,6
13022,31,1,0,1
16041,19,25,24,1
21952,15,27,14,13
8029,53,4,2,2
11110,38,13,11,2
12153,44,11,6,5
21017,17,39,37,2
14127,36,2,0,2
14016,31,24,11,13
12033,47,19,19,0
22012,22,3,1,2
18035,7,29,11,18
23105,29,4,0,4
15009,26,20,14,6
20117,10,21,14,7
14125,8,16,7,9
18114,21,1,0,1
44103,0,15,10,5
9013,19,2,2,0
92005,17,26,21,5
19113,21,7,0,7
10039,18,4,2,2
31101,10,9,0,9
17001,29,21,14,7
35004,39,17,9,8
31707,32,16,5,11
8011,4,10,6,4
19124,23,6,4,2
7010,58,7,5,2
35015,9,8,0,8
32021,46,18,9,9
15019,19,15,9,6
20203,8,10,1,9
7024,10,16,10,6
12150,11,14,11,3
13515,42,18,11,7
9016,11,4,4,0
15131,7,23,16,7
9036,13,7,6,1
15125,52,0,0,0
13117,31,9,4,5
13027,4,10,5,5
17029,16,17,10,7
11103,3,33,30,3
20039,46,2,1,1
21203,21,6,3,3
5034,37,29,25,4
10017,9,4,1,3
16009,15,2,0,2
15072,5,27,24,3
12006,24,16,14,2
16007,23,3,1,2
22013,12,17,11,6
21708,27,3,1,2
21702,41,7,2,5
15052,6,38,36,2
31021,17,12,0,12
44002,4,22,10,12
13039,11,6,4,2
21030,2,16,15,1
21031,11,29,25,4
15043,10,1,0,1
17039,29,8,3,5
20009,15,5,3,2
42305,8,11,0,11
21955,13,10,8,2
21028,17,17,6,11
10018,24,4,3,1
21219,29,7,4,3
5014,24,4,2,2
13033,8,5,4,1
20122,18,5,0,5
16020,29,5,1,4
14101,29,4,1,3
8020,37,7,4,3
17015,38,8,5,3
15023,13,21,19,2
22501,8,12,10,2
42003,0,30,23,7
40009,23,8,3,5
14131,14,16,4,12
17023,18,15,6,9
19108,33,4,1,3
44007,0,22,15,7
4002,16,3,1,2
42501,3,22,14,8
6008,26,6,3,3
22206,23,8,3,5
11021,18,5,0,5
15030,27,47,39,8
16011,34,3,1,2
12007,24,21,21,0
35007,4,14,6,8
44101,5,34,23,11
13032,19,7,3,4
15064,11,34,34,0
13128,18,11,8,3
43001,21,1,0,1
17107,27,10,7,3
16002,33,4,0,4
15004,16,4,2,2
19128,19,9,6,3
15005,28,14,7,7
18006,32,3,1,2
13044,17,19,10,9
17204,1,0,0,0
15022,3,35,32,3
22408,15,5,1,4
8037,34,3,3,0
33015,5,25,14,11
7017,16,24,19,5
15311,20,10,9,1
35006,11,9,3,6
22015,6,16,13,3
44016,10,18,14,4
15011,34,28,22,6
9004,18,2,0,2
32601,34,4,1,3
33016,2,20,13,7
12026,9,39,35,4
6012,14,4,2,2
21319,10,18,12,6
9102,17,7,4,3
18030,23,12,5,7
92006,27,2,2,0
5024,20,1,1,0
12038,23,20,17,3
12155,17,25,22,3
9011,15,2,2,0
12028,3,21,11,10
5115,3,27,23,4
41211,24,9,2,7
2108,38,1,0,1
4019,28,3,1,2
5001,37,6,4,2
15129,23,16,15,1
21315,12,11,3,8
15036,47,0,0,0
6022,18,3,1,2
13018,5,19,18,1
33014,7,12,7,5
9007,12,7,2,5
13052,34,9,6,3
15127,16,21,20,1
41401,3,22,14,8
14031,4,18,8,10
16019,28,8,7,1
3102,32,8,8,0
10019,12,16,10,6
11033,6,25,20,5
41203,28,23,10,13
10033,16,7,3,4
18039,1,19,7,12
10024,18,0,0,0
40006,43,0,0,0
12036,18,21,12,9
10008,2,15,12,3
16012,34,5,5,0
16036,10,47,39,8
42505,0,30,15,15
8117,40,0,0,0
10032,22,10,8,2
12015,28,8,4,4
14001,22,4,3,1
26004,1,21,15,6
18139,22,4,1,3
15001,37,6,4,2
15008,41,20,18,2
11112,0,21,12,9
5007,27,8,3,5
16105,29,1,1,0
3008,5,29,25,4
6010,13,2,1,1
5015,57,6,5,1
15128,4,32,32,0
44014,20,5,2,3
18004,11,1,0,1
20001,20,15,3,12
20008,22,10,4,6
12019,0,27,21,6
20104,18,4,1,3
8110,27,4,3,1
16102,24,3,1,2
4021,21,3,1,2
19002,9,29,14,15
17019,11,5,4,1
22301,3,19,10,9
20006,4,7,4,3
10011,8,8,5,3
14137,25,4,3,1
14019,12,10,3,7
3011,9,18,15,3
10027,9,8,8,0
22401,32,0,0,0
4103,21,2,1,1
9037,17,7,1,6
7021,14,13,10,3
19129,29,0,0,0
2003,25,5,4,1
1102,32,5,4,1
13017,26,6,4,2
24006,29,10,5,5
3009,15,4,3,1
14132,24,5,1,4
2002,24,3,1,2
31001,15,12,8,4
22306,4,14,10,4
4015,36,8,6,2
3003,5,23,22,1
19111,28,11,5,6
9111,17,2,1,1
5122,24,4,0,4
13125,14,38,36,2
48005,15,8,1,7
4012,13,12,2,10
21215,20,13,4,9
4017,10,1,1,0
26006,7,23,10,13
42211,0,24,10,14
42026,24,16,4,12
3002,4,14,13,1
13054,51,1,0,1
35012,16,7,1,6
21505,19,5,0,5
2016,8,11,8,3
4018,13,4,2,2
16044,3,28,19,9
4009,23,2,1,1
2012,44,0,0,0
33020,13,17,8,9
32019,6,22,15,7
1026,21,7,4,3
23101,9,15,4,11
17106,15,8,6,2
32024,12,14,3,11
6201,19,3,1,2
6026,58,7,7,0
1023,26,5,2,3
48008,20,10,2,8
19202,11,30,14,16
14201,12,18,7,11
5003,32,2,1,1
43403,40,0,0,0
3007,13,15,12,3
31020,21,12,7,5
28005,18,8,7,1
35005,9,12,6,6
18112,15,10,7,3
6007,16,7,3,4
12166,19,4,2,2
21119,3,20,13,7
23042,28,2,0,2
42019,4,38,23,15
32022,0,0,0,0
27006,2,20,12,8
44004,1,26,15,11
1024,18,3,1,2
2102,33,0,0,0
2020,16,1,1,0
12016,22,13,8,5
42210,3,25,16,9
21011,18,3,3,0
20140,18,4,1,3
48012,15,11,4,7
20010,28,4,0,4
26012,0,16,7,9
20048,17,9,1,8
45004,7,28,6,22
23202,6,11,4,7
32605,12,7,0,7
8202,24,1,1,0
32011,37,6,0,6
17020,20,4,2,2
12202,15,24,22,2
8040,28,2,2,0
10202,25,2,1,1
8018,40,5,3,2
20142,15,5,4,1
18010,16,19,5,14
48001,12,13,2,11
18135,17,6,1,5
21329,12,16,8,8
19114,11,7,0,7
13024,24,7,5,2
19006,0,0,0,0
23041,22,3,2,1
24005,19,11,5,6
15203,8,19,18,1
11111,0,18,7,11
19117,24,6,3,3
21022,3,22,19,3
20003,17,2,1,1
41103,16,6,2,4
41602,21,8,4,4
15069,10,34,31,3
42303,3,15,10,5
48002,10,27,7,20
41605,3,19,5,14
30003,12,16,9,7
35013,2,14,4,10
12119,25,24,21,3
10009,11,7,3,4
15050,2,20,19,1
16025,33,32,29,3
13036,30,5,2,3
17117,24,5,2,3
16017,11,5,3,2
20013,41,2,1,1
5033,23,4,1,3
15045,31,4,0,4
12022,21,12,11,1
21023,0,23,20,3
22404,8,15,1,14
20014,26,7,2,5
30004,20,5,5,0
14035,45,4,0,4
20110,19,1,0,1
8007,27,2,1,1
17006,17,19,11,8
21207,19,10,4,6
11016,31,17,14,3
12122,42,8,4,4
15120,2,27,24,3
16023,23,6,6,0
24007,0,21,19,2
6004,42,3,1,2
15114,9,1,0,1
15014,17,16,9,7
13055,55,4,2,2
22014,13,11,9,2
20011,16,4,1,3
15044,30,3,0,3
13023,26,2,1,1
28002,1,0,0,0
21016,9,30,22,8
5105,0,16,12,4
22007,31,3,1,2
12039,16,21,19,2
13037,12,7,2,5
14025,19,11,7,4
6009,30,5,3,2
16104,22,12,8,4
20033,36,11,8,3
30005,17,13,3,10
30007,0,0,0,0
17050,21,5,0,5
13013,5,15,11,4
8044,29,3,2,1
1201,24,2,1,1
51007,7,21,7,14
17036,19,8,4,4
11038,26,16,14,2
21112,21,35,21,14
22703,2,27,16,11
25009,2,18,16,2
41101,14,9,5,4
3201,0,23,21,2
20035,23,3,0,3
23106,17,3,1,2
20037,6,18,0,18
19045,51,15,10,5
22302,14,26,19,7
13053,19,2,0,2
9029,37,1,1,0
41212,9,13,3,10
41304,0,30,27,3
7007,63,0,0,0
35021,17,14,2,12
18018,14,4,1,3
10025,7,5,5,0
32305,15,15,0,15
21954,10,12,2,10
22507,14,10,2,8
25010,25,5,0,5
22018,30,5,4,1
21320,36,3,3,0
11001,43,8,3,5
21327,8,23,21,2
23203,20,5,0,5
17126,28,2,0,2
17127,27,13,7,6
26009,0,28,16,12
34012,7,18,14,4
23204,17,11,1,10
21514,20,4,0,4
31303,6,18,8,10
17010,24,15,12,3
8008,27,2,2,0
7201,17,1,1,0
31201,19,18,8,10
47008,1,0,0,0
13204,28,13,9,4
13035,20,0,0,0
15062,0,34,32,2
10114,52,6,5,1
18134,20,3,2,1
13203,20,3,0,3
13202,20,5,4,1
11037,30,6,5,1
18041,18,1,1,0
11020,6,31,28,3
18044,25,4,1,3
3004,13,4,1,3
11009,2,21,16,5
35001,11,10,3,7
18205,17,16,6,10
8057,31,1,1,0
7023,28,28,26,2
7109,31,5,2,3
7025,26,5,2,3
4108,19,6,6,0
40010,8,13,0,13
40012,11,6,1,5
40013,0,35,27,8
12201,1,49,41,8
12010,4,17,14,3
26005,0,28,24,4
40003,13,4,2,2
14021,53,4,2,2
13106,22,0,0,0
40015,6,18,6,12
22504,0,0,0,0
51005,17,18,8,10
32004,13,26,16,10
20137,19,6,0,6
15026,12,21,17,4
1022,33,3,1,2
41301,46,4,4,0
19203,26,1,0,1
4010,15,8,6,2
34014,2,30,13,17
27004,17,10,7,3
21404,8,12,0,12
17123,16,2,2,0
1002,21,1,0,1
17038,47,13,9,4
8052,28,2,1,1
32001,7,21,5,16
40002,15,6,2,4
8002,15,24,19,5
12127,44,4,0,4
21021,30,12,12,0
9104,17,5,2,3
8004,65,4,4,0
12105,9,24,22,2
4005,0,0,0,0
16107,14,17,15,2
9020,16,4,0,4
14014,49,10,5,5
11104,15,5,2,3
7002,14,19,17,2
5110,22,1,0,1
6108,7,8,4,4
33006,17,11,3,8
30002,34,2,0,2
7003,55,3,1,2
17041,19,14,10,4
5016,12,2,0,2
11025,2,40,35,5
6021,14,5,3,2
15202,26,3,0,3
13101,10,22,19,3
17044,33,6,4,2
21326,15,5,1,4
20143,35,9,5,4
43002,14,12,4,8
21216,6,19,5,14
22207,7,14,3,11
92002,15,8,5,3
31028,15,13,4,9
17048,27,1,1,0
44017,3,25,24,1
2017,33,6,5,1
9008,11,6,4,2
14013,6,21,10,11
13030,16,5,1,4
48003,18,3,0,3
10115,19,5,2,3
10161,22,8,7,1
21328,26,3,1,2
17040,36,12,10,2
8009,25,1,1,0
31103,17,11,1,10
7018,12,7,6,1
9014,27,5,2,3
9106,27,1,1,0
19105,9,7,1,6
31706,21,3,2,1
19015,8,16,5,11
9022,32,1,1,0
17004,25,13,7,6
19003,19,4,2,2
5020,34,2,0,2
92007,20,2,1,1
9028,15,1,0,1
10107,41,8,4,4
19026,2,11,1,10
16039,15,32,27,5
45003,20,16,8,8
11002,5,17,13,4
12111,16,11,5,6
8034,34,1,1,0
5032,38,1,0,1
18107,26,6,2,4
15067,4,8,8,0
6006,18,1,0,1
12128,17,17,17,0
31022,27,24,12,12
46002,5,30,25,5
10016,10,4,3,1
31009,18,8,1,7
41302,35,14,6,8
14020,50,8,2,6
33102,4,13,0,13
42706,15,10,7,3
14003,38,12,11,1
43008,2,23,15,8
5018,28,9,7,2
46003,9,15,6,9
21312,24,6,1,5
18028,15,15,3,12
35010,20,3,0,3
8017,63,2,2,0
5124,23,1,0,1
14106,18,3,1,2
18046,26,7,0,7
15109,1,28,23,5
21209,19,9,5,4
14012,20,17,8,9
21005,11,8,6,2
10042,28,4,3,1
42014,23,8,6,2
8045,50,5,2,3
14124,3,19,6,13
21006,1,25,24,1
44013,8,22,11,11
20131,27,5,5,0
16202,1,0,0,0
21015,6,14,11,3
5028,1,25,24,1
48010,12,3,1,2
42021,2,30,17,13
35020,18,2,0,2
1020,32,4,2,2
20115,18,2,0,2
6025,28,4,1,3
11030,13,10,6,4
11039,17,19,15,4
17013,18,5,2,3
32604,43,6,0,6
19024,16,2,0,2
23006,0,22,12,10
17105,32,8,7,1
18009,14,5,0,5
16108,32,5,5,0
43005,43,6,2,4
16136,2,26,25,1
21701,16,13,1,12
16008,27,5,1,4
11024,2,47,47,0
19022,8,16,1,15
16038,0,0,0,0
21008,6,26,19,7
20134,12,8,2,6
22016,18,5,1,4
32302,11,9,0,9
10014,24,29,25,4
42010,11,42,34,8
16040,0,32,29,3
22006,24,3,1,2
21301,8,25,13,12
19029,15,4,1,3
19016,14,15,6,9
32026,7,19,12,7
9005,30,1,0,1
1013,54,6,2,4
7102,43,2,0,2
42504,6,24,6,18
20111,15,5,2,3
19008,4,22,14,8
18201,17,15,2,13
92008,22,15,11,4
41402,0,25,19,6
51004,12,18,6,12
18012,5,31,10,21
12009,6,10,7,3
19125,23,6,1,5
11036,13,39,34,5
9021,20,2,2,0
23009,30,17,10,7
12027,0,12,8,4
42029,8,20,7,13
8035,30,5,2,3
21313,1,22,21,1
17102,8,17,12,5
28001,8,21,14,7
26007,10,10,0,10
15025,9,37,32,5
19005,7,13,5,8
10113,30,12,10,2
17045,44,2,1,1
43402,0,39,32,7
33018,5,24,6,18
7015,41,1,1,0
32303,0,0,0,0
6013,11,17,17,0
12115,25,8,7,1
5021,39,0,0,0
16121,27,4,0,4
15010,23,34,33,1
41102,34,9,2,7
17037,7,12,8,4
33003,19,27,15,12
22505,2,20,10,10
14034,12,11,7,4
32010,35,5,2,3
25008,14,4,0,4
7009,66,4,1,3
42707,9,14,5,9
35009,4,17,4,13
8055,27,4,0,4
21109,1,25,15,10
23701,15,8,3,5
31012,17,7,2,5
16129,41,0,0,0
35019,3,19,2,17
14104,9,14,4,10
20113,20,1,0,1
20119,18,7,1,6
23802,20,2,0,2
12126,17,34,20,14
20036,19,13,1,12
19019,8,10,3,7
41604,23,7,3,4
15029,5,45,43,2
17018,13,5,2,3
18005,16,2,1,1
26001,0,22,17,5
92004,15,5,2,3
43006,19,9,8,1
15028,21,49,43,6
8102,21,4,1,3
14018,40,5,5,0
31702,16,2,0,2
7004,17,0,0,0
42503,18,13,4,9
2010,26,1,0,1
5116,24,27,27,0
7006,30,2,1,1
8012,37,7,3,4
20040,21,5,3,2
17017,22,10,2,8
13026,22,13,4,9
23002,47,0,0,0
13102,47,4,4,0
14130,22,8,3,5
21308,42,16,13,3
12032,13,23,21,2
6103,50,4,2,2
20021,24,14,4,10
6018,15,3,2,1
21105,9,15,12,3
32014,29,5,2,3
18032,47,7,2,5
17124,21,5,5,0
44012,12,7,2,5
31016,19,17,10,7
22101,14,16,13,3
13016,30,4,4,0
8051,10,1,0,1
9115,18,3,2,1
16032,9,10,8,2
21003,0,39,22,17
22001,9,13,10,3
20027,13,2,0,2
14122,15,4,2,2
15108,0,22,18,4
19040,33,7,1,6
17047,20,4,4,0
17046,18,6,5,1
17121,7,13,6,7
18109,13,33,15,18
19038,18,1,0,1
35017,2,13,4,9
20118,10,14,5,9
9117,26,3,2,1
20023,4,10,0,10
14002,32,14,13,1
15035,16,25,23,2
10020,3,6,4,2
18113,9,15,8,7
11041,3,35,32,3
31703,11,16,3,13
15031,7,46,46,0
5121,27,6,3,3
11006,2,34,30,4
47005,29,5,1,4
19127,8,15,6,9
1120,25,1,0,1
47004,10,10,8,2
9026,13,3,1,2
21001,8,17,11,6
18033,21,11,4,7
11010,1,41,27,14
15002,13,4,1,3
23007,3,24,13,11
32015,20,20,6,14
10010,7,24,21,3
20116,1,21,6,15
8019,22,4,4,0
18008,25,5,0,5
14030,24,8,3,5
13046,31,13,8,5
15003,55,7,3,4
4110,13,4,4,0
6032,21,3,2,1
10036,15,11,7,4
6017,30,3,1,2
18017,41,3,0,3
19041,39,0,0,0
11043,10,9,7,2
1117,22,3,1,2
32603,31,0,0,0
21311,8,47,46,1
23403,15,7,7,0
4013,21,6,4,2
21024,11,11,11,0
10163,15,14,4,10
20019,17,13,1,12
7101,45,2,0,2
8056,28,0,0,0
13041,46,3,0,3
7016,47,7,4,3
4011,32,2,1,1
12041,48,11,7,4
12108,12,51,51,0
14006,19,4,2,2
7013,21,19,11,8
21114,7,22,10,12
20202,20,11,0,11
9012,43,0,0,0
41206,25,8,4,4
13113,22,11,6,5
15061,2,20,17,3
8015,47,3,2,1
47002,2,18,6,12
2110,19,9,9,0
5019,20,5,5,0
14007,23,11,6,5
10164,23,11,9,2
11107,9,33,30,3
20103,16,9,2,7
3101,16,15,12,3
8105,28,2,2,0
2101,25,5,3,2
8049,19,3,2,1
19021,11,13,6,7
22002,19,5,4,1
20045,21,8,2,6
13019,27,9,6,3
11044,3,16,12,4
5030,47,3,1,2
9015,18,12,6,6
16031,13,6,4,2
17005,33,20,14,6
12120,38,9,6,3
18142,18,8,4,4
13110,19,3,1,2
23005,0,24,18,6
21120,13,17,8,9
48009,5,23,11,12
21009,10,36,34,2
31017,11,9,1,8
13047,38,11,4,7
4107,7,10,9,1
22403,16,7,2,5
42011,1,26,20,6
20047,27,21,19,2
21951,21,1,0,1
22103,18,4,2,2
14128,18,9,4,5
19036,22,10,4,6
31026,10,10,1,9
12129,27,8,7,1
13020,19,23,22,1
14113,31,7,3,4
20004,9,8,5,3
11031,10,28,27,1
12125,43,5,2,3
10152,19,4,1,3
10037,21,3,1,2
10004,39,2,0,2
21118,12,3,1,2
21316,13,9,0,9
19025,16,5,0,5
21029,11,16,15,1
10153,18,2,0,2
16003,25,4,2,2
16014,19,4,1,3
10110,11,16,14,2
21115,14,17,13,4
41210,11,8,0,8
42304,2,20,12,8
11109,11,11,10,1
16115,30,11,7,4
15123,17,26,26,0
16024,10,10,2,8
22604,25,9,0,9
11032,22,23,15,8
16101,26,2,1,1
8001,39,6,6,0
13121,18,27,23,4
21307,0,27,25,2
10012,10,14,14,0
13048,3,24,14,10
4003,12,9,9,0
32301,4,11,0,11
20108,17,6,2,4
13011,4,7,6,1
4001,26,4,1,3
31025,26,9,1,8
8549,21,3,3,0
23902,12,31,20,11
20007,24,25,11,14
42701,20,10,2,8
13126,8,10,2,8
8013,0,0,0,0
12043,11,28,23,5
23003,18,9,2,7
10105,15,9,6,3
17003,32,10,6,4
13109,5,16,12,4
21204,26,5,5,0
42209,1,16,9,7
21217,19,5,1,4
9114,25,4,3,1
25001,28,4,2,2
47001,2,44,38,6
10165,39,1,0,1
14010,36,2,0,2
22303,12,14,4,10
92001,10,10,0,10
43010,5,19,4,15
15057,38,1,0,1
23010,18,7,6,1
6027,26,6,3,3
18007,7,10,1,9
21401,25,6,0,6
9027,21,3,1,2
17108,23,10,7,3
4020,18,2,0,2
23004,24,12,7,5
5012,14,2,0,2
11017,43,4,3,1
21306,55,5,1,4
1021,17,1,1,0
41205,17,2,0,2
12018,25,7,6,1
44005,14,8,1,7
17119,23,9,4,5
51002,2,22,15,7
10162,19,5,2,3
13009,24,2,0,2
27005,1,18,12,6
15071,18,4,3,1
9024,48,3,0,3
8201,28,1,1,0
17111,13,10,3,7
9006,10,5,3,2
8116,25,0,0,0
31005,22,23,9,14
21314,0,29,28,1
12005,6,31,25,6
13516,19,20,14,6
9034,17,3,3,0
12035,2,31,24,7
10021,11,4,4,0
44011,15,11,0,11
12101,9,15,14,1
21707,16,6,4,2
51001,19,21,10,11
8027,10,4,2,2
15039,5,6,4,2
23102,15,17,16,1
15006,25,11,7,4
21402,22,5,0,5
41403,0,19,10,9
21303,1,28,21,7
17024,19,4,1,3
20105,24,4,1,3
33103,7,16,2,14
14032,22,9,6,3
14011,22,14,10,4
6002,15,8,4,4
20044,25,3,2,1
33012,7,23,11,12
2013,13,2,0,2
20022,24,9,1,8
14026,24,21,10,11
48004,2,18,7,11
16042,29,7,4,3
1006,25,7,2,5
19110,21,9,2,7
22201,10,17,2,15
4006,4,42,40,2
18202,35,2,1,1
45002,2,24,11,13
12037,22,14,11,3
1007,14,2,0,2
47003,0,19,9,10
16013,14,19,13,6
7012,10,14,13,1
18034,10,21,11,10
14135,16,23,10,13
20024,19,10,0,10
3010,8,8,5,3
12156,16,7,2,5
18140,30,10,5,5
9009,11,8,3,5
10034,13,8,3,5
6104,33,4,4,0
21309,18,22,19,3
20034,22,1,0,1
13005,6,38,26,12
16037,0,0,0,0
19201,7,15,7,8
19010,7,15,7,8
15132,7,13,4,9
41405,0,24,17,7
8028,27,1,0,1
21953,19,1,0,1
31709,9,10,4,6
10006,19,4,1,3
12002,5,9,8,1
21506,20,2,0,2
14103,19,7,3,4
3001,7,41,39,2
2015,30,1,0,1
21026,29,1,0,1
32013,13,10,3,7
20029,17,6,1,5
22503,10,9,3,6
15111,1,24,15,9
12020,40,4,3,1
2021,54,2,0,2
4014,23,4,2,2
2005,12,4,4,0
3012,17,7,5,2
23702,18,2,1,1
14022,25,8,2,6
19012,10,17,13,4
21507,18,1,0,1
14023,43,9,0,9
22502,12,5,2,3
3006,15,12,7,5
21110,0,32,19,13
3005,27,6,3,3
8036,46,1,0,1
6031,26,6,3,3
14133,24,11,10,1
41208,18,3,1,2
42704,17,8,2,6
21706,37,7,2,5
1014,18,5,3,2
12163,13,29,19,10
21509,21,3,3,0
1012,19,2,1,1
2004,12,3,0,3
19130,7,18,13,5
44001,7,23,13,10
4007,21,12,9,3
5004,16,2,1,1
10041,9,8,3,5
4101,2,16,15,1
9039,28,0,0,0
22506,0,20,8,12
1025,16,1,0,1
1018,21,0,0,0
2008,21,4,3,1
18015,34,7,0,7
1116,24,2,1,1
1017,18,2,1,1
15040,16,18,8,10
23107,21,1,0,1
22601,18,4,0,4
42018,24,7,3,4
27001,11,8,4,4
17021,28,5,2,3
12164,23,2,0,2
16139,29,0,0,0
42028,5,22,7,15
22603,31,2,0,2
12113,41,4,4,0
16010,22,0,0,0
16201,45,16,16,0
32020,9,7,1,6
1015,30,4,4,0
1008,31,1,1,0
2006,20,1,1,0
9019,12,4,3,1
19046,23,10,2,8
10201,12,11,8,3
6029,19,4,3,1
23301,9,17,12,5
34013,3,25,10,15
44008,16,16,10,6
23104,1,26,22,4
23303,15,14,7,7
42022,16,20,14,6
15018,36,20,15,5
10166,12,3,0,3
13049,20,1,1,0
6015,28,25,25,0
17202,14,5,4,1
4104,13,3,1,2
23206,23,5,2,3
42030,1,29,20,9
51008,19,18,13,5
24101,20,4,0,4
34011,21,4,0,4
21704,0,26,19,7
19121,16,3,0,3
13015,25,9,8,1
25007,18,6,3,3
12123,50,1,0,1
21002,0,20,11,9
24004,5,27,15,12
31104,18,12,1,11
42024,3,25,17,8
5027,4,34,30,4
13116,46,4,1,3
48006,5,15,2,13
15012,15,51,48,3
18016,30,3,0,3
15053,9,36,30,6
15041,18,19,10,9
10003,11,6,1,5
11022,0,14,11,3
13028,25,8,4,4
20012,3,14,10,4
14004,19,4,4,0
14027,36,18,9,9
20020,5,24,17,7
12008,18,35,33,2
12102,5,22,17,5
13120,2,17,9,8
15024,15,7,5,2
13006,3,36,29,7
43007,17,10,8,2
43004,19,4,1,3
14009,26,10,2,8
18021,13,8,5,3
16116,3,23,21,2
25004,9,15,10,5
15027,11,9,3,6
31105,5,11,4,7
42205,22,11,7,4
22701,0,28,23,5
17110,26,4,2,2
31701,15,12,3,9
20032,19,6,2,4
8046,24,6,5,1
14005,34,2,1,1
21218,3,15,2,13
18101,13,9,5,4
6028,33,3,2,1
20005,11,7,4,3
16033,10,19,16,3
21205,6,19,8,11
11029,32,7,1,6
19014,11,5,1,4
11028,17,20,14,6
21027,15,9,9,0
25002,4,15,14,1
15113,8,17,6,11
15113,8,17,6,11
6005,44,5,3,2
16022,14,4,2,2
20011,16,4,1,3
19001,30,26,13,13
12040,51,14,8,6
6020,31,5,2,3
21007,9,43,39,4
19007,4,24,13,11
19123,27,5,3,2
5031,42,11,6,5
12017,31,8,7,1
14025,19,11,7,4
42027,20,6,4,2
13013,4,16,12,4
21510,20,4,1,3
11040,7,28,20,8
21511,30,16,11,5
21033,14,3,3,0
8003,46,1,0,1
24010,15,13,7,6
26010,0,21,14,7
20030,28,8,2,6
16140,12,16,10,6
21508,4,21,14,7
15032,1,57,54,3
48011,14,6,0,6
10001,0,0,0,0
34009,20,7,3,4
10151,20,5,2,3
8031,45,1,0,1
26011,3,17,7,10
22208,19,1,0,1
22209,23,1,0,1
45005,0,24,13,11
18045,9,7,2,5
14110,15,10,3,7
18018,14,4,1,3
22305,7,27,20,7
11201,5,10,8,2
22602,21,10,4,6
12106,16,50,48,2
23205,18,5,0,5
32023,17,12,8,4
23201,35,8,0,8
12165,33,2,0,2
12001,34,28,26,2
11001,45,7,2,5
26008,6,27,15,12
26009,0,28,16,12
34008,1,28,22,6
31301,18,7,0,7
5107,16,6,5,1
10026,40,15,7,8
17010,24,15,12,3
18023,19,16,11,5
18026,19,14,6,8
18024,24,6,1,5
16006,9,8,1,7
13205,19,5,2,3
31202,12,14,13,1
20112,0,0,0,0
15013,10,21,19,2
47007,2,18,9,9
13051,22,1,1,0
8038,52,1,0,1
5201,13,3,1,2
18042,18,2,0,2
11014,43,2,1,1
35002,12,17,9,8
8039,14,2,0,2
11102,4,55,36,19
18044,23,6,3,3
12157,65,2,1,1
16103,22,0,0,0
21213,18,7,2,5
11046,10,7,5,2
15060,14,7,7,0
11011,1,23,21,2
7111,13,9,8,1
11012,24,10,4,6
15105,6,19,19,0
7023,27,29,27,2
9025,44,7,6,1
40007,8,19,18,1
12107,5,16,16,0
40014,4,24,15,9
23011,11,15,14,1
16005,19,4,2,2
26005,0,28,24,4
23801,19,1,0,1
40004,17,7,4,3
23703,16,1,1,0
40008,33,11,4,7
10031,23,9,3,6
16001,0,0,0,0
35014,16,9,1,8
10013,45,14,7,7
15103,3,47,42,5
6001,16,1,0,1
13123,38,4,2,2
15122,4,20,12,8
15058,37,8,7,1
42004,11,14,13,1
19018,48,9,6,3
33019,13,21,4,17
21302,5,19,9,10
18014,1,12,2,10
32012,64,3,1,2
15056,10,12,9,3
